180
4000 2000
201  207 0
277  450 0
612  640 0
244  407 0
695  554 0
278  648 0
540  381 0
522  528 0
638  628 0
259  221 0
255  477 0
638  221 0
284  335 0
491  546 0
592  243 0
411  451 0
474  307 0
318  399 0
664  600 0
308  460 0
632  557 0
229  285 0
467  647 0
200  366 0
323  231 0
251  506 0
517  510 0
505  427 0
635  390 0
358  617 0
424  556 0
546  216 0
401  547 0
370  640 0
516  292 0
220  235 0
530  389 0
523  201 0
438  532 0
279  221 0
460  404 0
680  460 0
340  657 0
321  682 0
495  362 0
370  490 0
556  555 0
318  400 0
547  349 0
626  486 0
417  547 0
245  442 0
552  308 0
312  444 0
576  410 0
654  425 0
562  296 0
396  212 0
502  295 0
262  567 0
294  403 0
374  539 0
526  633 0
386  274 0
640  544 0
295  526 0
570  360 0
296  297 0
413  562 0
591  605 0
470  523 0
325  204 0
336  370 0
671  451 0
518  617 0
307  696 0
547  556 0
470  462 0
615  211 0
666  534 0
631  678 0
415  691 0
687  206 0
246  582 0
441  693 0
515  381 0
237  296 0
206  241 0
242  214 0
513  491 0
691  454 0
554  285 0
414  567 0
319  347 0
416  543 0
647  367 0
255  336 0
667  315 0
558  349 0
245  209 0
643  356 0
207  640 0
586  643 0
439  242 0
559  356 0
476  328 0
686  582 0
531  210 0
261  200 0
458  229 0
394  534 0
202  512 0
600  441 0
683  698 0
609  654 0
529  283 0
263  627 0
573  478 0
377  287 0
204  492 0
446  574 0
477  205 0
582  536 0
511  569 0
228  549 0
615  660 0
446  552 0
400  320 0
662  578 0
365  668 0
467  402 0
233  663 0
349  318 0
612  288 0
688  568 0
536  427 0
503  209 0
603  676 0
443  420 0
320  248 0
284  348 0
517  262 0
470  237 0
318  321 0
411  300 0
692  643 0
521  603 0
206  527 0
311  290 0
233  318 0
374  256 0
635  686 0
335  479 0
429  666 0
376  225 0
653  480 0
297  285 0
204  300 0
421  318 0
355  284 0
353  442 0
535  697 0
486  304 0
318  430 0
487  262 0
562  236 0
631  366 0
676  681 0
616  290 0
326  534 0
593  638 0
388  412 0
592  315 0
343  235 0
376  422 0
544  278 0
594  434 0
469  617 0
465  409 0
279  372 0
b7
