51
2097 1713 
 738  495 0
 126  102 0
 117  273 0
 818  163 0
 530  585 0
 654  160 0
 491  632 0
 228  526 0
 653  429 0
 266  239 0
 368  269 0
 429  372 0
 198  548 0
 399  212 0
 116  181 0
 335  359 0
 737  182 0
 676  194 0
 238  423 0
 579  526 0
 172  369 0
 105  615 0
 370  185 0
 307  364 0
 537  419 0
 468  495 0
 470  264 0
 569   91 0
 377  387 0
 179  519 0
 541  142 0
 375  127 0
 353  550 0
 611  112 0
 362  460 0
 824  571 0
 758  282 0
 686  516 0
 673   94 0
 424  676 0
 511  528 0
 264  662 0
 704  427 0
 691  119 0
 551  279 0
 611  245 0
 832  627 0
 732  284 0
 625  250 0
 443  402 0
 105  122 0
apt1
