58
2600 1612
1020  371 0
 365  613 0
 302  287 0
 586  381 0
 946  255 0
 929  269 0
 836  105 0
 160  617 0
 361  436 0
 193  214 0
 429  111 0
 744  593 0
 136  583 0
 930  242 0
 467  143 0
 523  172 0
 380   84 0
 862  521 0
 725  216 0
 878  617 0
 560   92 0
 961  247 0
 388  310 0
1034  419 0
 520  491 0
1011  259 0
 898  159 0
 911  172 0
 596  249 0
 638  570 0
 604  171 0
 322   99 0
 822  592 0
 328  150 0
 341   81 0
 910  405 0
1039  280 0
 632  105 0
 808  439 0
 800  507 0
1014  471 0
 463   82 0
 867  138 0
 173  506 0
 551  560 0
 846  305 0
 380  152 0
 471  419 0
 513  226 0
 482  246 0
 332  505 0
 870  527 0
 211  349 0
 414   98 0
 207  621 0
 213  602 0
 241  540 0
 500  567 0
apt2
