54
1674 2090
 185  516 0
 660  263 0
 640  261 0
 400  112 0
 354  434 0
 524  553 0
 509  179 0
 113  786 0
 521  586 0
 308  787 0
 225  180 0
 526  137 0
 658  741 0
 312  591 0
 535  780 0
 382  702 0
 109  816 0
 523  770 0
 132  683 0
 197  571 0
 594  605 0
 101  105 0
 414  156 0
 575  432 0
 426  237 0
 379  207 0
 288  763 0
 523  366 0
 441  628 0
 255  110 0
 339  695 0
 456  309 0
 554  285 0
 360  399 0
 565  351 0
 508  506 0
 423  151 0
 205  729 0
 446  602 0
 612  507 0
 103  405 0
 599  290 0
 194  316 0
 567  354 0
 124  186 0
 205  458 0
 233  482 0
 114  309 0
 387  247 0
 299  128 0
 109  269 0
 181  576 0
 244  486 0
 160  565 0
apt4
