53
2899 2614
 659  616 0
 206  316 0
 806  212 0
 555  880 0
1001  475 0
 719  801 0
 973  806 0
 778  428 0
 823  638 0
 665  613 0
 529  762 0
 252  665 0
 607  633 0
 573  521 0
 854  843 0
1117  750 0
 249  655 0
 292  389 0
1027  704 0
1090  825 0
 710  764 0
 641  205 0
 497  840 0
 190  295 0
 590 1001 0
 997  195 0
 725  867 0
 357  691 0
 822  587 0
 947  937 0
 752  554 0
1011  293 0
 232  782 0
 917  728 0
 871  850 0
 700  650 0
 232  423 0
 783  280 0
 221  340 0
 785  288 0
 383  616 0
 501  996 0
 462  849 0
 993  318 0
1053  276 0
 744  516 0
 325  238 0
1069  884 0
1014  812 0
 488  149 0
 301  751 0
 394  369 0
1115  754 0
apt7