59
2313 1962
 577  159 0
 341  442 0
 792  582 0
 511  598 0
 515  656 0
 827  256 0
 608  725 0
 850  530 0
 139  629 0
 327  440 0
 464  315 0
 684  653 0
 895  542 0
 549  456 0
 560  231 0
 692  293 0
 754  768 0
 561  287 0
 514  100 0
 182  202 0
 798  639 0
 136  190 0
 263   98 0
 429  246 0
 457  252 0
 663  433 0
 174  690 0
 732  514 0
 853  206 0
 386  350 0
 327  319 0
 129  382 0
 851  664 0
 178  147 0
 624  630 0
 746  307 0
 399  407 0
 400  643 0
 882  734 0
 598  203 0
 631  693 0
 194  267 0
 133  372 0
 180  551 0
 725  199 0
 824  288 0
 768  350 0
 132  774 0
 439  250 0
 915  448 0
 541  219 0
 534  350 0
 207  448 0
 607  753 0
 772  765 0
 195  612 0
 436  469 0
 846  539 0
 775  321 0
apt8